/**:
  ros__parameters:
    camera:
      model: Pinhole
      width: 1280
      height: 1024
      scale: 1.0
      fx: 1082.585584
      fy: 1395.951224
      cx: 688.991896
      cy: 481.971948
      k1: -0.581136
      k2: 0.250179
      p1: 0.000955
      p2: -0.012230
