image_width: 1280
image_height: 1024
camera_name: narrow_stereo
camera_matrix:
  rows: 3
  cols: 3
  data: [ 951.47184,    0.     ,  668.95317,
            0.     , 1184.27311,  524.01211,
            0.     ,    0.     ,    1.     ]
distortion_model: plumb_bob
distortion_coefficients:
  rows: 1
  cols: 5
  data: [-0.600778, 0.282258, -0.003586, -0.003534, 0.000000]
rectification_matrix:
  rows: 3
  cols: 3
  data: [1., 0., 0.,
         0., 1., 0.,
         0., 0., 1.]
projection_matrix:
  rows: 3
  cols: 4
  data: [ 668.87793,    0.     ,  653.94963,    0.     ,
            0.     , 1027.32239,  523.49377,    0.     ,
            0.     ,    0.     ,    1.     ,    0.     ]
