image_width: 2880
image_height: 1860
camera_name: narrow_stereo
camera_matrix:
  rows: 3
  cols: 3
  data: [2067.84737,    0.     , 1439.09933,
            0.     , 2069.43991,  902.2947 ,
            0.     ,    0.     ,    1.     ]
distortion_model: plumb_bob
distortion_coefficients:
  rows: 1
  cols: 5
  data: [-0.554065, 0.220066, 0.001350, 0.001332, 0.000000]
rectification_matrix:
  rows: 3
  cols: 3
  data: [1., 0., 0.,
         0., 1., 0.,
         0., 0., 1.]
projection_matrix:
  rows: 3
  cols: 4
  data: [1396.11926,    0.     , 1445.18326,    0.     ,
            0.     , 1794.28577,  895.37612,    0.     ,
            0.     ,    0.     ,    1.     ,    0.     ]
